1.0
0.3044574829731733
0.5259777441796211
0.4494869076535946
0.43063815035682895
0.48621297372917144
0.3877636815259936
0.415333637177
0.28653273879664043
0.2088212366040136
0.389790631882378
0.4181408190494303
0.4768983354624123
0.2901767983580856
0.22319153270211026
0.49955341147452004
0.3264380074291583
0.5368421433878627
0.438818720061383
0.23466613070638812
0.22768623741814673
0.5649232015086461
0.22223664764303594
0.22221011061966595
0.39711924914446006
0.2849609406710888
0.3198269352651276
0.4768062262161954
0.2938883891702397
0.3047856542238477
0.3170163891886534
0.46978574250822863
0.3203019631263842
0.3315669093594741
0.3176016465985401
0.29430027341095466
0.5273971736486651
0.29871342744981266
0.5367540287762507
0.5805759084055822
0.45990211441752493
0.3289119987885818
0.3124386362356521
0.2874194360029298
0.31819642251786895
0.5379943257190343
0.32226122780542843
0.28459358055364986
0.5140864396688571
0.47796080009496
0.5186842705399164
0.3155520659297334
0.5210213147700442
0.3193951314020421
0.3173132463433973
0.27809729048132464
0.5266728947761905
0.5478899350981232
0.4534932731385536
0.3438763473821709
0.3162751474193578
0.2747744655032687
0.5299435809766819
0.4446512455364209
0.5374707013253881
0.4583318406018311
0.3266790136347997
0.3236473593886352
0.32367465576151716
0.27062025560992164
0.29769564646722757
0.4580486566454205
0.2629272414331607
0.4462499742497191
0.44754656047832975
0.431298660216764
0.24488310257252868
0.45360929879811873
0.5686483571548512
0.28322886728223606
0.552725853068597
0.5079109364192075
0.30667256541811855
0.27647371553484573
0.21944455566758828
0.30902705406702513
0.31731802604639403
0.3281361318281852
0.5156596351067457
0.46054257620757577
0.4925217942633081
0.5114158907077921
0.485574008447283
0.2911001853068324
0.253935837042353
0.4526198410100884
0.25816836180246616
0.4539563628444089
0.4684683082686235
0.2454579103438913
0.3046183688700606
0.28550905565169604
0.3015342763843466
0.28394471899359935
0.45626218573918503
0.21438505759196969
0.48552189113166455
0.5121665151584219
0.5384530215835521
0.535865180430972
0.2915677304150367
0.2925154674397279
0.45471169684829044
0.405276867121808
0.5365764784381631
0.5097333028902475
0.5434451355650893
0.3297199509708925
0.33479563766012155
0.47202289802317887
0.4582658096736146
0.3159855496751278
0.4825962803447071
0.30752776445199925
0.31052705038607153
0.49315551499190946
0.4915430379696552
0.47334819253473726
0.2963869845933016
0.5027784724015142
0.5055851834166311
0.30229236042807806
0.31674603382284905
0.3129858778288433
0.5423276495888479
0.2754677369906981
0.5082160350219196
0.5506366724486136
0.5034934265220397
0.543199582298903
0.2598438157909546
0.5315790939478315
0.2938669773950584
0.4639094230172412
0.32129835960626896
0.4863317990418501
0.3163730293765075
0.3207584943456637
0.3278391988716528
0.44925850385988164
0.5100893189659655
0.46608245306708407
0.5032505949783703
0.313374650371091
0.32673565796476767
0.30334605462491604
0.5665343226079724
0.31108281420339773
0.5287105714105998
0.5280011002935621
0.3105652525729429
0.5099646627122445
0.4989345444761162
0.30977551008506404
0.2647326162766022
0.2964196378658916
0.4987405555728216
0.5085135882086629
0.49100093714481585
0.25758618630578295
0.27142582218209943
0.2805798539571344
0.5272529047520929
0.2952471060161188
0.30463763038797387
0.465214224547037
0.3934092901216196
0.29461088152663445
0.534790560137351
0.5078465130475425
0.49898188394027787
0.2605690395080785
0.5991252458342615
0.31752903446948666
0.44818119467140605
0.6194561050135039
0.47211775199030614
0.4769068452525064
0.4940643219118208
0.6021731424801492
0.6188034434390172
0.30236032954795666
0.30984818644998363
0.528772704326873
0.26988542823716055
0.4807634199168459
0.5156438229251378
0.29607574046022356
0.32813222928115077
0.5208396605443554
0.46915086956364305
0.4941835053392208
0.2956217260909366
0.29704522581116466
0.32188653599484685
0.31732663862820576
0.2870034694690456
0.25947840579719317
0.5179187727686616
0.5356134000637043
0.27804749973525184
0.47329428664485895
0.5230549068493627
0.30684801857797955
0.2999339245591902
0.5288187227861416
0.44287843807859756
0.5387970206477309
0.5202844353975535
0.46425579619297735
0.4507239392296116
0.2688398876898919
0.5432048724602161
0.5540678685909417
0.31783912271758286
0.30407828355767313
0.5186390788755684
0.47614495110170973
0.4541719784880888
0.3023941003867666
0.5010316359081375
0.4903981008806515
0.5472393759195394
0.4802672813015986
0.5437322811254364
0.49545426125245495
0.30629779972227444
0.2933443711569081
0.47807425668819514
0.2753413493751006
0.4678080549766397
0.4340569504568047
0.42991875902026166
0.4825211776613699
0.30610547577108693
0.27551369964269146
0.5406879886741489
0.5019641834305909
0.30644515336371764
0.41576117340621566
0.3064361979886991
0.4366722235656645
0.46177723092559353
0.5190148085427432
0.42537462436169404
0.5250712356365529
0.5537206910123075
0.4694416448857096
0.47965875306308847
0.5629600735355906
0.5977478451320983
0.5350298289594133
0.2528493682799886
0.27678076100510207
0.26332666984111713
0.43962042775955507
0.43145076471928323
0.5455883567979228
0.5596834484300646
0.4722661406851533
0.2967034234847111
0.3050001688624982
0.2520789470502034
0.2901495961669904
0.49362772326573373
0.2503284667577774
0.48657744159731864
0.4535790813633702
0.4760037202738663
0.29374049647455297
0.5167768491178237
0.31269407181620584
0.5029169139702281
0.29546806131439196
0.4815261540685528
0.3157230163325292
0.48356143785089023
0.2770671357524851
0.3071750006459709
0.45662066651865973
0.47154849738435917
0.44560662221302316
0.5063376435375514
0.5614041721552627
0.2936851472465664
0.5102567607932607
0.2999730693766497
0.47350258923093425
0.4845884274651081
0.23409676834358184
0.23567999386203503
0.4940511185032593
0.5062364988129742
0.23377889705141522
0.3131634312514789
0.32772052555559755
0.25175635271612407
0.45381887548644007
0.28801852103276926
0.5251703914355422
0.45321511159140604
0.5094258859141125
0.4849963113627484
0.5489559995791559
0.41093080637578683
0.5045390058306052
0.5303142282707363
0.5350316887526111
0.4637187369641434
0.32318117007874786
0.27101590938333364
0.31125622422332566
0.31244717526029464
0.3168513817570451
0.5064671346640575
0.5395151655811024
0.40930478110220064
0.25719442509651225
0.4178940897976578
0.47346193870160286
0.5413519743083056
0.278685338868194
0.4723096903321214
0.5001756953871993
0.2834625453681645
0.48041414782465214
0.3105240944826707
0.5545721536942689
0.593806554265645
0.5152920359009715
0.44718133876756416
0.4271910689617969
0.5441384027703049
0.26426135746753754
0.3141967669688873
0.49862751019920515
0.46809267573284946
0.49411686242213215
0.48221039174371805
0.3137055045524182
0.47640990706673747
0.24901351983128078
0.28344452722772007
0.4905151021878191
0.44140791245017685
0.4269368677412604
0.4947585277386592
0.5149702312809689
0.5325692394776269
0.48372061674093647
0.5932648127722614
0.29962332738549824
0.48102333366542405
0.48851938310826626
0.2984640871509669
0.45496931849561667
0.4544013781146454
0.48981223184284994
0.3883591817518488
0.4976366403553404
0.42667535435337384
0.22536451187422743
0.24879098540317335
0.4551816319770797
0.24637096771366815
0.3169462474705829
0.480576742188216
0.4719097263832132
0.4434095643633705
0.5663972602076383
0.5443071934884027
0.45215673662790595
0.255022810705027
0.30473191236187147
0.30495301236113787
0.04249660619150744
0.237209189337488
0.4969586634944447
0.501151132133595
0.28477308145280644
0.29073578664985267
0.5209902903241073
0.05785222073739474
0.0979899215633285
0.3034252198983701
0.5051167003630364
0.40046269448779903
0.22064839952707455
0.4259578219369624
0.296420453312704
0.3243397487045757
0.29733995055840867
0.2261318335964456
0.4031865904372766
0.3838098682464753
0.28484107849386664
0.47364523882975734
0.5145748539559064
0.0561701871558197
0.2917863899143131
0.5287883403636998
0.17506197842332386
0.24692979279870017
0.29342911155542895
0.53628282645769
0.33016760035733295
0.31315281580897497
0.48629964723651725
0.49554015714847094
0.29460310770994685
0.48112135219557695
0.2988934278376558
0.4629834512642993
0.27950098492423214
0.4501171064933335
0.47827796706657333
0.3232353841834247
0.534802411296779
0.3222188450629362
0.5548261509322623
0.3326612716479569
0.5156164802771963
0.29475848756658873
0.4363419776035633
0.2730646080858582
0.48968540136661864
0.50974825201578
0.48331144099725776
0.5073793934359608
0.44800753447832475
0.31376066885979403
0.33219204299777766
0.4698059188337491
0.29788299831698545
0.2919076645721421
0.4741419108679283
0.5125641298875565
0.48442592209366553
0.3256703168475651
0.5640598019564163
0.32509555589880823
0.46702963458338975
0.2975011850643767
0.5138093948878144
0.3289313702343475
0.31779822643005323
0.30650166963343356
0.5237110112569885
0.5386488453585705
0.4412080233147392
0.5336992024777637
0.5482453959763843
0.4105568331938724
0.44221599713617177
0.25971632403931555
0.43979763773754604
0.5018927744103063
0.27996391366618323
0.2985741451966588
0.31811385593004804
0.5315107019475211
0.28362717308563856
0.229388093811411
0.2633462981931439
0.5005352914981082
0.28713618596965806
0.4651881387084327
0.4628429396647714
0.27069949871772014
0.20853458200222963
0.23159339970677947
0.4820199480565842
0.2527581872104092
0.4601166498765737
0.2694174998492818
0.26847045804822206
0.23494117757252928
0.44471869372551354
0.43207404941258043
0.4198472432260467
0.20995940953005
0.21104290499112666
0.4427861983817966
0.25037110817567915
0.2369732420722926
0.23245332389221604
0.22558268966008616
0.22981704726167224
0.4537614069345933
0.5250203859761349
0.3653490605371186
0.3972411421784281
0.3926028604645008
0.21258463432177582
0.21982110678669017
0.4316633578471801
0.20839063121465137
0.37800169303957365
0.20225890444178526
0.21479588335871722
0.4207851100732658
0.43860893151528046
0.411474089686514
0.49232287915791423
0.29655039445060305
0.2867208073147735
0.2522272931778996
0.44234802470756984
0.2543852566899017
0.48225330480172857
0.40994766572277913
0.48833159612802013
0.25890971474266555
0.24011078538855013
0.24763745310339758
0.30578603006940874
0.4418875224035627
0.2728237815837873
0.259321264881884
0.4876230672602858
0.49080653255368123
0.5046445467440226
0.4491472752801082
0.2651636205287391
0.29493665890000664
0.27144388043468537
0.2518906807377901
0.30414319823528696
0.44180627129836236
0.3940373291134365
0.500246560223557
0.46948079586961916
0.4757022067060613
0.27241043435172896
0.4822421296810326
0.48433020254121534
0.28238426140696876
0.5124046894964314
0.4584760619126226
0.3011806857447988
0.3186786670387891
0.46746561430229533
0.3092373327335025
0.47560991174739636
0.4939134090686459
0.28221778359511845
0.46682307647290067
0.48230238500359446
0.4609787887300549
0.4849178831701585
0.4542513975522333
0.5392456198987633
0.4745775138686687
0.30602351566348235
0.5492465329001691
0.5141959224606265
0.292730263825897
0.30793103560207613
0.29572326412957173
0.3026048494547537
0.2849036045899763
0.4422618745038476
0.5056506875554969
0.2792268773563026
0.2633637079677027
0.4880575217001136
0.4941173456652719
0.401672104979757
0.3907675483321036
0.4049629106186629
0.22650017724988766
0.261035803198145
0.49058767907498035
0.4740786811307758
0.4474044084834644
0.5667802681341126
0.5007006768504675
0.5261823528321616
0.44612468163102054
0.24526538202499118
0.5279792014963367
0.45591074057200864
0.40067556710587554
0.26971840281619003
0.5234118500446975
0.45612401799346974
0.2450173183029474
0.4480801463002996
0.2686905563211243
0.5606957187666621
0.4911574895931036
0.5350301787123729
0.22910049371358113
0.5029503067751508
0.45150150283407553
0.42172632584481673
0.2286179776786912
0.23749963234987695
0.44983561328693056
0.41363559780615067
0.31678617066316395
0.39480152790029777
0.46816803748694946
0.24593044819045407
0.2410823304831947
0.4403054266480725
0.5672054127773689
0.4985691483994953
0.5281861327374735
0.5241014118579906
0.30675509851961247
0.46692945295053717
0.45447136850047054
0.2914465150536849
0.28635665760907225
0.566780264710244
0.5048509201205489
0.503998501358308
0.4469204803473675
0.44576510471726627
0.3105025608875572
0.46429339542439907
0.5092852536811726
0.501974734697727
0.43242475191467256
0.47915728664036183
0.5027395225565988
0.5056979415109176
0.5614436796572295
0.5219536934157012
0.2689948353674927
0.5325399224249636
0.28426287815804324
0.5266211162960012
0.432850994000545
0.23030625909071856
0.5087515576094929
0.5085527301011649
0.29993736293539075
0.5253238095810099
0.36159931624584774
0.47239005317068616
0.5268108821378221
0.298744187403323
0.47936349036314
0.46488253940795565
0.4419659410493497
0.5014367660845898
0.3150826093142022
0.31386068262013206
0.31719501990324306
0.3232078765651062
0.5004784484397107
0.48767993974201074
0.3358827584907581
0.26745014612412193
0.33275289884009535
0.5885130076873037
0.2880865121876181
0.3059854980550191
0.46626172769313745
0.2932966317464919
0.47535518806557114
0.2872228635030465
0.45735527540639603
0.486225764304157
0.2818757493368438
0.31978332646682794
0.2386755793624218
0.5091040262753443
0.4768655191130068
0.4547671102670951
0.27428184166518566
0.5156988229285442
0.278746408552284
0.5117274388323175
0.5316394069102277
0.328285965173657
0.3085225374474431
0.4823830699476124
0.2649490149622947
0.43586020318781854
0.4828028110649354
0.2803529223819641
0.4926088895147688
0.2880364386387333
0.5210573077300819
0.3108330877409414
0.4552882060485406
0.4478778842696767
0.527638395985033
0.505596225915549
0.48072769415743444
0.49000482564506975
0.4232426064938345
0.5476886970014768
0.32083572446389086
0.3023449617120079
0.46921303756803145
0.30157361443348885
0.27463926730282223
0.25585826240292686
0.4290789744619994
0.3130206694811433
0.5018846636286491
0.29987968064592496
0.4987792142477945
0.30096632550589797
0.4403490643376784
0.31227386230729975
0.3024287944989339
0.4946117058822509
0.5241155153102415
0.26264472897318536
0.4870076053448847
0.48925960110196054
0.47001305593686943
0.24621081267381906
0.28645705718449127
0.3074040389154889
0.4683152275373986
0.3085312646983075
0.4768232596972896
0.4981778673680639
0.5040648778747152
0.2965658583044285
0.5004202569972477
0.49116736023851665
0.26719842946696987
0.26965913568054833
0.44425111780841336
0.542990652202477
0.25650963805399285
0.5165728386409911
0.503407972687433
0.293082780633679
0.30702805189658566
0.5175209464479263
0.5461054824548265
0.464370596382242
0.3143848256559174
0.5193553087632827
0.524241067698624
0.44544621086504443
0.5121217964503767
0.539403664664898
0.4405372134809854
0.2909837585812568
0.5174817915128942
0.46836764263095365
0.28999638354838375
0.484574929351105
0.30514728695893945
0.295264684909424
0.5170253864752712
0.43272187758614566
0.471017823538176
0.47315660334960286
0.49464413751926706
0.274255882285897
0.259436895287161
0.487083602398937
0.4941438531326519
0.29237288424807323
0.28923679803622737
0.5536640952900485
0.5073043880863138
0.46338266570336917
0.4896175210650946
0.5056508825400654
0.5428640134044004
0.5487579269709577
0.4776433134648685
0.32223476618037916
0.2916722301318089
0.5394456485750252
0.28880027053631363
0.4757837130003181
0.49835869192437693
0.30690270915537643
0.46922865388601115
0.511697709173641
0.533174567206361
0.28397121963789057
0.29786446742989253
0.49735541035086117
0.457420327557462
0.4818563949174389
0.5067949425981035
0.5307669744405966
0.3358659084997046
