0.0
0.2679246702488775
0.26383191206617973
0.41898894336736037
0.3843874045656617
0.4663528459992819
0.5056879332488632
0.5188080468047415
0.3408896748145267
0.5481310841658596
0.5867754114728428
0.5649764047710432
0.29064588275835046
0.3863592922734435
0.5426330856763361
0.2554889034077694
0.18081495402548672
0.25474410865564123
0.49921162082895415
0.4781210367054107
0.5146240306622647
0.21395712848961213
0.545658038481242
0.5498921514115318
0.4823662463838423
0.3135335209144133
0.2565414143212574
0.3059618263277127
0.33360353382218705
0.2322646634101515
0.28470444160664865
0.33369305615478284
0.2355623024842409
0.18585706946149017
0.2675665001452103
0.3477896784235928
0.20668877571943178
0.3553616382762421
0.31208617674543615
0.1980837095022305
0.3031513580250107
0.27799217471274157
0.24666565721847541
0.3007013062892832
0.29113928192578775
0.290765069262411
0.1984402339527114
0.35513193254316655
0.38302574267811096
0.306247458436707
0.2934526761612231
0.23084753754577733
0.30012193648629587
0.2562806157425275
0.29348966221370126
0.3306114625900718
0.37882186598169904
0.3842000213355273
0.32392352137209696
0.18746943268200797
0.31136484823990657
0.41545979357225243
0.2992288504200729
0.5852332188740273
0.3218318534084714
0.3860673977242218
0.24281590083236573
0.21085839823240807
0.21438308714195167
0.3763150526714972
0.36779394706526264
0.34335340679793375
0.4043953731971502
0.42101456111920665
0.3932963901862749
0.4202739871930043
0.47179179955987705
0.456054336275163
0.2858025759473526
0.36014228077731475
0.24941934442767918
0.3908892177674319
0.34738489234706077
0.4201330849645361
0.6320334543886458
0.33064517185026737
0.2874428002589799
0.28155093542398263
0.41620699137674766
0.518388329441549
0.4600678690878732
0.3081647402001751
0.48490691081886245
0.36329771614134493
0.5308893912024829
0.552798698771556
0.545976744435988
0.5130013698131336
0.3135316996094057
0.554213322413705
0.31824614491611875
0.35904119283723074
0.317229989347215
0.41257689329015396
0.7419895889011956
0.7301025393805919
0.3554665889768522
0.2513043537114599
0.4908566942244635
0.5058718138645967
0.31260570987985686
0.3596693193016613
0.5224327635511486
0.5971479668036727
0.19146510514907442
0.17570028211148436
0.19817617976112165
0.20682959957970692
0.20327853186095343
0.27826419987539514
0.2813026162546963
0.2415009341511257
0.2601842107099498
0.24912570339550966
0.2669908815877991
0.24479309439794653
0.34169072298217457
0.2720265024280711
0.2562351230290158
0.28631615626241447
0.3376350240147137
0.3504310703823805
0.3022454875208098
0.31608521654053084
0.34621420018091603
0.42106405895760196
0.3300633423436133
0.318856642223742
0.3758103861862397
0.2901999773460373
0.5458594218323803
0.26851792361993093
0.40550158783124907
0.36225210892610765
0.24092605419052351
0.3643070299454449
0.281424652991965
0.26805682448610413
0.25161693481138797
0.21057425998024948
0.2713311792883499
0.2710569201150708
0.2380466156850598
0.16956488640617004
0.20415130648711521
0.32232916865129585
0.2139091606721134
0.26599021696427944
0.2705620291484147
0.17265705107264592
0.30947691604434313
0.2637386675846424
0.2970285050521864
0.3227224357614527
0.49360233617516996
0.3057831203771446
0.28892679114743963
0.3866323624793316
0.2535973843028749
0.468336736645262
0.322864360742468
0.3513836542851196
0.17839264557977183
0.3193796295948003
0.2810982384820049
0.22868526722238736
0.4577396202465207
0.3238020462028817
0.24371919338498738
0.2519708395753237
0.38899941529586596
0.4238345416032663
0.24265895738907287
0.24843910491385826
0.226543687604723
0.2711811200200334
0.28746677862348835
0.4347978409445618
0.3508417668527104
0.2660703759957261
0.26665753350367893
0.3159823125968366
0.27820712047053614
0.2917885858805975
0.3610116120062817
0.36199841595531007
0.3062277061808268
0.2958360098170311
0.20970343088749913
0.276982719399129
0.3615990177414646
0.3076708730133058
0.2988557319571498
0.32120898188621155
0.24057915914097694
0.31266148069027416
0.3210723049352089
0.3633369829324395
0.38710491178529144
0.22502269914547637
0.3132919443328482
0.2697604992411268
0.3073998795173589
0.2848692412474134
0.28092693867643437
0.31283802568485536
0.3872065416440702
0.248709558859017
0.2848892244619027
0.3665490612420044
0.33841518791136754
0.31823952945428124
0.22552799629966916
0.3357294093631906
0.24384217736826663
0.2925208270389325
0.3656261403786787
0.3265846953421228
0.38040160417824426
0.3600256532272461
0.23538333672757147
0.25108893792526327
0.2293033058018983
0.27072196785308783
0.41156687858490687
0.24763182552207863
0.2024041217334649
0.42412937790034494
0.30703153845700015
0.40152133222031394
0.38565741994687763
0.35038184808241507
0.30190852142552743
0.3749689323851917
0.30899102729871714
0.3005474356119567
0.2731176165385106
0.275642811560832
0.3833536559235202
0.2664574764169421
0.336863700289499
0.3444388318475781
0.42379246683285016
0.3127917098238278
0.27590515577935926
0.2753928191443101
0.3583701936170501
0.3495536499312267
0.2821287261173377
0.2991602488761893
0.2967421368006522
0.24429081461504487
0.4956128002694533
0.34616251303841256
0.3837553552292725
0.4202803864171834
0.3566440573945047
0.2816399292007448
0.24772649926424098
0.3791314850245075
0.28993262959790506
0.2982247331183638
0.5026460285538704
0.42440146886823205
0.3032784364384488
0.4492117934014184
0.4281370114340827
0.49955775099794425
0.32624625164672855
0.30533451789357036
0.3602967441476275
0.2657356583913555
0.2971773566970381
0.3197682333858992
0.23681156842283468
0.27169127077705124
0.24171870798109993
0.4277635793727508
0.20858262022512375
0.32230592678565734
0.2633359563583149
0.472715531944663
0.3181663062470991
0.2187456072105233
0.35928796754541104
0.32168493028513506
0.26119681975230397
0.463614473249508
0.3643336761492753
0.4734550861022848
0.44070512684392077
0.34657032745422595
0.32325496808574844
0.46440128716382034
0.2967203441062925
0.27182292933870716
0.496243774186271
0.493880555146102
0.33889111469641026
0.30117701296005234
0.33822178104369405
0.29137497176514715
0.3059589128246308
0.37670967672954375
0.4491097961780719
0.4638323932193211
0.393664261812478
0.2789452280886315
0.21872944833342464
0.19982055018224434
0.360367424829599
0.3201122325007329
0.33228239625808187
0.3135168267799857
0.27050260330739195
0.30813143279082755
0.42967500383425755
0.3888805050150636
0.4160570676901411
0.33359702949761655
0.3382436925098908
0.372924207513276
0.30942436050200606
0.31701060133891573
0.3076923865911446
0.3156860372820945
0.3198334034592704
0.2905138330794029
0.37808177755787714
0.3363155874893476
0.320360131219425
0.4403487202711965
0.32758535486546886
0.3429517039594512
0.353559199561462
0.30294087641399053
0.30694346582588666
0.3204667959817854
0.25447006533616195
0.2396458612860788
0.40057421250574454
0.4140055099012872
0.3521604218741479
0.30242237589400384
0.2720209410013446
0.40573453407700066
0.3930380741068435
0.24643586264940218
0.3672312892875263
0.2630583067838527
0.44437634364387774
0.36547215147462503
0.3126497948801543
0.3474906576892878
0.3170063226975202
0.3569714385857768
0.22207374213196088
0.22154247976092276
0.4291499073666138
0.4385733848671052
0.48903214442568466
0.4663972308622066
0.42143036420271546
0.2831644752930544
0.25597876232670486
0.2680604488860832
0.3084361647801443
0.323873437604818
0.2757935473181196
0.2964181073125593
0.26838700968642876
0.5178168688473656
0.4848699434919331
0.22968075231038396
0.27269720201733455
0.8300135752339702
0.5630307003932166
0.3082056939296251
0.31136015167586933
0.25982979997078975
0.181668293728981
0.17946772045770934
0.8387631026978424
0.8323520522710862
0.2960977301455963
0.39470386468101254
0.7254491678244293
0.6303988513838145
0.6227479180255505
0.35289948448064545
0.1851999727270118
0.3550467578301271
0.5278115664979114
0.5772277863359839
0.6888795090136801
0.35636573954052864
0.2824058125997682
0.30337593755477266
0.8959260432730952
0.7919927658578771
0.17573211048360649
0.7343846386061536
0.5180847927599675
0.2817579812204091
0.32668116373386447
0.2280229242098598
0.1885277521354988
0.20405225332450014
0.3030756607105182
0.32720737231359515
0.2903836073672874
0.28002484292299595
0.27815384296020196
0.32070152312144606
0.34661629635810054
0.2747731936023996
0.2584058169325238
0.24550542616017781
0.2255320161515099
0.24000233823032083
0.22824671634998786
0.27721418448618945
0.26302555793073457
0.31560183281589005
0.35263946001433927
0.30469891900094515
0.22865546537805526
0.26808224270324327
0.2227657535205588
0.23524387754700413
0.22718965360821455
0.2492594738637706
0.41775547011168235
0.2565357375707196
0.27276137888008983
0.23586478531668065
0.1964379834522324
0.26101533729951243
0.2268578314544886
0.2524775466499076
0.2456924971262117
0.34609044998382504
0.3098097891607509
0.30917904970932053
0.26311379814269026
0.2793457214985533
0.2917589297304715
0.24248075116260157
0.3098216352214438
0.2174253517445345
0.1894380510310082
0.28585320745171355
0.5471240982787587
0.4552456049060483
0.41330812308011816
0.38984218155828737
0.38455191240968273
0.3880584027705621
0.31789363302226853
0.3031829026774879
0.37733988128794627
0.36718565304962564
0.5578753817789721
0.3363624621035208
0.4948979873519918
0.37752135228092604
0.40020608933063423
0.3584917024601694
0.4012742202643411
0.5857890820556514
0.5602386413584766
0.35378665598543185
0.3273172791566468
0.4726527397852736
0.3622951286537033
0.37407157567742794
0.4657330272766346
0.5236483955165269
0.5189278060509438
0.5621904409468211
0.5852547512568415
0.5973081852240928
0.51450255604327
0.4662117662349197
0.4958315594065936
0.5143386174449175
0.5255662271681227
0.5255339230366773
0.4760544963218544
0.5635397928310036
0.5673908902950449
0.6039520401649275
0.579382701035948
0.5820781794439679
0.5700017255203197
0.5317189731824745
0.611261350281409
0.6168727733721663
0.6121106042908654
0.5838182738882874
0.5200800051009661
0.3482268574293195
0.3704532730933801
0.36956338100688274
0.3702806960149219
0.357789015584935
0.45990604815012204
0.38514126523271086
0.4450631956883911
0.3428550149804404
0.3570039601794123
0.37742011014020943
0.4236109904687099
0.5125879438924579
0.3684381063081145
0.30290195928306907
0.3634161299094642
0.4740696522742538
0.4153331534673281
0.5124480682130972
0.3378934389925771
0.5340359584668338
0.365350512274909
0.3582079908520322
0.34339687869511676
0.3759090194178654
0.40472420236554885
0.40329908970723216
0.3175781271884524
0.4439878831999662
0.36682063218878413
0.30377223182964047
0.32206689404980154
0.39817501673469186
0.4527772850953961
0.33480998278676455
0.3651498324957567
0.3188727047438188
0.4094102941546736
0.3433157785528718
0.3326064306547501
0.35848489527912575
0.33565598666147145
0.3263156810961992
0.4221039839862997
0.40753646558155804
0.35253994909990877
0.3783975435197437
0.29385688943427485
0.3183316203784568
0.4535435732093873
0.31938267292622796
0.3078033178926545
0.3327826053884755
0.31296905949930026
0.2888317559765066
0.30968495058329504
0.3104823487500832
0.3477936413705576
0.30997438979464104
0.2962194454336313
0.32301743680103207
0.27558745105301696
0.3795815016859669
0.4277017928032345
0.24901315147344047
0.30749796675976665
0.42935957686547344
0.5470170603186014
0.5102934332874133
0.550115395831721
0.4481813444576832
0.4214514368465206
0.31962253660465917
0.4920424327130129
0.4637123598628927
0.5174477547388499
0.47517844157418326
0.4143350283426919
0.4971399889833394
0.4344008403302418
0.44659544441216026
0.45382275146366763
0.4418334533067327
0.5334559667718447
0.4652366975400431
0.46635585134754454
0.42754755007404155
0.4661033816492904
0.45427318787543425
0.49617363662184927
0.4991095515428878
0.5596119934832293
0.46263672305363907
0.5694121177224859
0.47222514462503035
0.5634816399890225
0.5371429513468686
0.5136496192419352
0.49148557908033436
0.28656054137421333
0.49882479882624225
0.3063379089770498
0.46259563570296375
0.5093408331922556
0.4693542257989162
0.29199791038550155
0.38369439061352456
0.37003925291319756
0.28488327862257445
0.32985072046587777
0.30759569307639545
0.3615006737615712
0.3887277131143742
0.35955956209297607
0.3517692383872623
0.3214981145334592
0.43756533671373066
0.3849071826149979
0.34343740787429283
0.36550792759562506
0.42955133275534446
0.40049280514455043
0.4187066109683626
0.40828390506424833
0.4444638158735305
0.39663596485990554
0.40484910793978535
0.3493479035784966
0.34838086354041514
0.4236160743742318
0.3057982898180901
0.4071455705195846
0.4216072535191475
0.5488153335071225
0.6024449730328425
0.29367993345579757
0.272845875927817
0.2833653142840052
0.282609631187652
0.20452942658804715
0.20880485830612053
0.23777051922358958
0.3507590674949181
0.4777036270157616
0.5459951512597075
0.29413362817691563
0.3532538672039971
0.23649580835460715
0.21746666833014847
0.3199549484609355
0.2994881385231649
0.2119118902525158
0.19409006769541637
0.1955870279408788
0.4958655574885705
0.2222590245730269
0.24782480217477412
0.36354733625979324
0.2889600811965567
0.2895791595446429
0.3060820299031807
0.2671000393265544
0.3209204669388596
0.40367477338044794
0.44515179487026363
0.36044220672482813
0.2425523353632657
0.4738634205272345
0.35551568401897193
0.27955316038727873
0.2588377271461609
0.3362532035244552
0.220177945425195
0.36199980980165
0.38626812245032854
0.27624720635195127
0.25627482225049353
0.30395254303235475
0.3409961938072004
0.4049812925279224
0.4294625430012046
0.3819309425396275
0.27952083279271583
0.36442433855382933
0.4195773499511442
0.3636620372734966
0.21223715156806233
0.3990872878683956
0.385195572548586
0.3854755377010357
0.2667811928768105
0.34078133080198986
0.4588007954371167
0.4186636422092358
0.3082409487736329
0.24914597673754005
0.3052231608541509
0.28479920132830977
0.29259287237701487
0.4073052089280224
0.43227645881850657
0.3425246597644544
0.2682460317813347
0.3884013071130565
0.3458583015353402
0.33159349567869306
0.31889131268296833
0.3227531161949682
0.2902469699171199
0.29399650389973386
0.36756867131606086
0.26782361088529144
0.4760816332480607
0.3493778579096358
0.3602496095848686
0.27189081589136593
0.4563626869542638
0.34663397129795176
0.28328834109677886
0.3653136397390104
0.28329679719688444
0.3532078064813419
0.24850238821817291
0.3325554300047199
0.3066346990846523
0.3078123344028991
0.294225662944753
0.4365867699760659
0.47647014256294823
0.2699440019609817
0.4050687107087881
0.47703098426757157
0.34339923062322714
0.40121120664574333
0.32858788885081724
0.316754817271419
0.2958890070830184
0.2634013455163418
0.2424891211675332
0.3498361575349796
0.30764951154069586
0.26818744271510203
0.27959430977823624
0.235091977418692
0.2990223343041815
0.3697187749981225
0.24501838615359098
0.38096833404838365
0.37481051520203246
0.24992300609887097
0.2220246920680342
0.25515535412289
0.30716863574528996
0.3612417563801403
0.31450565755802334
0.47898109296144903
0.3508450330556545
0.2903071016266923
0.33955190344369224
0.4956855441799705
0.29261366234950925
0.2683445158163367
0.3583292234472341
0.39869716405633976
0.3027669364778431
0.2973142925644712
0.4695970542140338
0.32024288111243115
0.3490899383880747
0.3337559960581353
0.28354704154851956
0.18919284048902377
0.1950909114961622
0.34244835749854197
0.25361696527602523
0.3081530893564715
0.24084457102231505
0.2482946495330676
0.2644613609128181
0.4174324701365417
0.21410417966517017
0.23826666608482924
0.2837426012069204
0.22287028800928751
0.253573952230218
0.2760201048089333
0.25010164476625096
0.2186265382930972
0.2959354801146077
0.19428165268165598
