1.0
0
0.45454545454545453
0.36363636363636365
0.3125
0.5
0.3076923076923077
0.36363636363636365
0
0
0.35294117647058826
0.4
0.3333333333333333
0
0
0.38461538461538464
0
0.4
0.4166666666666667
0
0
0.46153846153846156
0
0
0.3125
0
0
0.4
0
0
0
0.3333333333333333
0
0
0
0
0.4
0
0.45454545454545453
0.5
0.35294117647058826
0
0
0
0
0.5
0
0
0.45454545454545453
0.35294117647058826
0.4666666666666667
0
0.42857142857142855
0
0
0
0.46153846153846156
0.5
0.2857142857142857
0
0
0
0.45454545454545453
0.4166666666666667
0.45454545454545453
0.35714285714285715
0
0
0
0
0
0.36363636363636365
0
0.36363636363636365
0.36363636363636365
0.35294117647058826
0
0.4
0.5
0
0.45454545454545453
0.42857142857142855
0
0
0
0
0
0
0.45454545454545453
0.4166666666666667
0.5
0.4166666666666667
0.46153846153846156
0
0
0.4166666666666667
0
0.36363636363636365
0.3333333333333333
0
0
0
0
0
0.5
0
0.38461538461538464
0.375
0.5454545454545454
0.5454545454545454
0
0
0.4166666666666667
0.35714285714285715
0.4
0.3333333333333333
0.4166666666666667
0
0
0.36363636363636365
0.36363636363636365
0
0.35714285714285715
0
0
0.4166666666666667
0.38461538461538464
0.36363636363636365
0
0.375
0.4
0
0
0
0.45454545454545453
0
0.4
0.5
0.42857142857142855
0.4375
0
0.4166666666666667
0
0.3333333333333333
0
0.38461538461538464
0
0
0
0.2857142857142857
0.35714285714285715
0.3333333333333333
0.4
0
0
0
0.45454545454545453
0
0.4166666666666667
0.38461538461538464
0
0.38461538461538464
0.36363636363636365
0
0
0
0.38461538461538464
0.5
0.3333333333333333
0
0
0
0.4
0
0
0.3125
0.3125
0
0.45454545454545453
0.375
0.47058823529411764
0
0.5384615384615384
0
0.3076923076923077
0.6
0.38461538461538464
0.4117647058823529
0.4
0.6
0.6
0
0
0.4166666666666667
0
0.3684210526315789
0.46153846153846156
0
0
0.4
0.35714285714285715
0.4
0
0
0
0
0
0
0.46153846153846156
0.38461538461538464
0
0.3076923076923077
0.5
0
0
0.42857142857142855
0.36363636363636365
0.5
0.45454545454545453
0.3333333333333333
0.3333333333333333
0
0.46153846153846156
0.45454545454545453
0
0
0.5
0.4
0.36363636363636365
0
0.35714285714285715
0.3076923076923077
0.4166666666666667
0.3333333333333333
0.5
0.36363636363636365
0
0
0.35714285714285715
0
0.4
0.3333333333333333
0.3
0.4117647058823529
0
0
0.46153846153846156
0.4
0
0.2631578947368421
0
0.3157894736842105
0.4
0.45454545454545453
0.26666666666666666
0.4166666666666667
0.5
0.35714285714285715
0.3333333333333333
0.5
0.5454545454545454
0.4
0
0
0
0.35294117647058826
0.3333333333333333
0.5
0.45454545454545453
0.38461538461538464
0
0
0
0
0.3684210526315789
0
0.46153846153846156
0.4166666666666667
0.38461538461538464
0
0.46153846153846156
0
0.46153846153846156
0
0.3333333333333333
0
0.2857142857142857
0
0
0.36363636363636365
0.29411764705882354
0.4
0.4
0.45454545454545453
0
0.4166666666666667
0
0.4166666666666667
0.375
0
0
0.4166666666666667
0.45454545454545453
0
0
0
0
0.4166666666666667
0
0.4166666666666667
0.35714285714285715
0.45454545454545453
0.36363636363636365
0.5454545454545454
0.3333333333333333
0.45454545454545453
0.45454545454545453
0.4166666666666667
0.29411764705882354
0
0
0
0
0
0.36363636363636365
0.5
0.3125
0
0.34782608695652173
0.41935483870967744
0.5
0
0.3333333333333333
0.4166666666666667
0
0.3333333333333333
0
0.5
0.5833333333333334
0.4
0.3333333333333333
0.38461538461538464
0.5
0
0
0.45454545454545453
0.3333333333333333
0.36363636363636365
0.3333333333333333
0
0.36363636363636365
0
0
0.45454545454545453
0.3333333333333333
0.3333333333333333
0.38461538461538464
0.4166666666666667
0.45454545454545453
0.35714285714285715
0.6
0
0.3333333333333333
0.36363636363636365
0
0.3333333333333333
0.3076923076923077
0.4
0.3157894736842105
0.5454545454545454
0.4166666666666667
0
0
0.38461538461538464
0
0
0.4
0.35714285714285715
0.2857142857142857
0.5
0.5
0.4
0
0
0
0
0
0.45454545454545453
0.45454545454545453
0
0
0.45454545454545453
0
0
0
0.45454545454545453
0.45454545454545453
0
0.4
0
0
0
0
0.35714285714285715
0.42857142857142855
0
0.3125
0.42857142857142855
0
0.35714285714285715
0.4
0
0
0
0.45454545454545453
0
0
0.3125
0.4
0
0.3333333333333333
0
0.3076923076923077
0
0.3333333333333333
0.38461538461538464
0
0.4166666666666667
0
0.45454545454545453
0
0.4166666666666667
0
0.3333333333333333
0
0.38461538461538464
0.4
0.36363636363636365
0.4166666666666667
0.2777777777777778
0
0
0.375
0
0
0.3125
0.3333333333333333
0.35714285714285715
0
0.5
0
0.3333333333333333
0
0.38461538461538464
0
0
0
0.38461538461538464
0.4166666666666667
0.2777777777777778
0.4
0.45454545454545453
0.3684210526315789
0.4
0
0.3125
0.45454545454545453
0
0
0
0.45454545454545453
0
0
0
0.5
0
0.38461538461538464
0.4
0
0
0
0.45454545454545453
0
0.38461538461538464
0
0
0
0.4166666666666667
0.4
0.4
0
0
0.4166666666666667
0
0
0
0
0
0.4166666666666667
0.6
0.29411764705882354
0.38461538461538464
0.35714285714285715
0
0
0.4
0
0.35714285714285715
0
0
0.36363636363636365
0.3076923076923077
0.29411764705882354
0.38461538461538464
0
0
0
0.3157894736842105
0
0.4166666666666667
0.2777777777777778
0.4166666666666667
0
0
0
0
0.3076923076923077
0
0
0.5
0.4117647058823529
0.5
0.35714285714285715
0
0
0
0
0
0.35714285714285715
0.26666666666666666
0.4
0.3333333333333333
0.3333333333333333
0
0.45454545454545453
0.36363636363636365
0
0.4166666666666667
0.36363636363636365
0
0
0.35714285714285715
0
0.375
0.4166666666666667
0
0.36363636363636365
0.4166666666666667
0.2857142857142857
0.3333333333333333
0.4
0.45454545454545453
0.3333333333333333
0
0.5
0.38461538461538464
0
0
0
0
0
0.3333333333333333
0.3333333333333333
0
0
0.35714285714285715
0.4
0.3125
0.35714285714285715
0.3333333333333333
0
0
0.45454545454545453
0.35714285714285715
0.4166666666666667
0.6363636363636364
0.5384615384615384
0.5833333333333334
0.36363636363636365
0
0.5454545454545454
0.4166666666666667
0.3125
0
0.6
0.4
0
0.3333333333333333
0
0.6
0.5
0.5789473684210527
0.0
0.5
0.4375
0.35294117647058826
0
0
0.42857142857142855
0.36363636363636365
0
0.3333333333333333
0.3333333333333333
0
0
0.38461538461538464
0.5
0.45454545454545453
0.5
0.45454545454545453
0
0.3333333333333333
0.3125
0
0
0.5454545454545454
0.4166666666666667
0.45454545454545453
0.3333333333333333
0.3076923076923077
0
0.35714285714285715
0.45454545454545453
0.45454545454545453
0.3333333333333333
0.4
0.45454545454545453
0.45454545454545453
0.5
0.45454545454545453
0
0.4166666666666667
0
0.5
0.36363636363636365
0
0.4166666666666667
0.4
0
0.4166666666666667
0
0.29411764705882354
0.38461538461538464
0
0.42857142857142855
0.4
0.3125
0.4
0
0
0
0
0.3333333333333333
0.36363636363636365
0
0
0
0.5
0
0
0.375
0
0.3333333333333333
0
0.38461538461538464
0.46153846153846156
0
0
0
0.45454545454545453
0.3333333333333333
0.3076923076923077
0
0.42857142857142855
0
0.45454545454545453
0.4166666666666667
0
0
0.375
0
0.3333333333333333
0.4117647058823529
0
0.4
0
0.5
0
0.36363636363636365
0.35714285714285715
0.5
0.45454545454545453
0.4
0.46153846153846156
0.3333333333333333
0.5
0
0
0.3333333333333333
0
0
0
0.29411764705882354
0
0.45454545454545453
0
0.45454545454545453
0
0.3
0
0
0.4166666666666667
0.4166666666666667
0
0.3888888888888889
0.42857142857142855
0.35714285714285715
0
0
0
0.36363636363636365
0
0.36363636363636365
0.4
0.4
0
0.4166666666666667
0.38461538461538464
0
0
0.29411764705882354
0.5384615384615384
0
0.46153846153846156
0.45454545454545453
0
0
0.4
0.46153846153846156
0.3333333333333333
0
0.4166666666666667
0.4166666666666667
0.2857142857142857
0.45454545454545453
0.45454545454545453
0.29411764705882354
0
0.46153846153846156
0.3684210526315789
0
0.3125
0
0
0.46153846153846156
0.3076923076923077
0.4
0.36363636363636365
0.36363636363636365
0
0
0.36363636363636365
0.38461538461538464
0
0
0.5
0.42857142857142855
0.3684210526315789
0.4
0.42857142857142855
0.5
0.5
0.2857142857142857
0
0
0.45454545454545453
0
0.36363636363636365
0.4166666666666667
0
0.36363636363636365
0.36363636363636365
0.45454545454545453
0
0
0.36363636363636365
0.38461538461538464
0.35714285714285715
0.36363636363636365
0.45454545454545453
0
