0.0
0.5142453978584292
0.541348020306245
0.5103361532909885
0.5180599940070226
0.5887952590840324
0.558641956031778
0.5471301317599857
0.5129793699989116
0.6165839694180859
0.5599444139388217
0.5624603190312356
0.4684274420586669
0.45293351429421413
0.5646007835152229
0.5155282199249198
0.5134330162578801
0.39788731779290776
0.578846832258847
0.5832144404690368
0.5746310196651484
0.44942698855272656
0.5653953709466143
0.5612674061098044
0.5541567570383175
0.5466227164012315
0.4641508446182321
0.5868132688075057
0.4908429094968542
0.5485927196944578
0.4472300016387379
0.45383064047896915
0.48322984501022226
0.4878752931006136
0.46202691346062913
0.4750092279325885
0.48372252968590795
0.4497846519245071
0.4499886172404703
0.4796126568754406
0.5631225372460663
0.4063598301329312
0.5035797978389162
0.5496209496989977
0.43607502800273645
0.557257627861452
0.5125148548255749
0.506493745242234
0.46971940773736975
0.4877916941246294
0.5651435750124446
0.506944198735289
0.47293566157638434
0.46613885864930404
0.4372573524127094
0.5569993754846296
0.43756347799046186
0.4242402382719799
0.43353195750226
0.4370251777893086
0.4235345620826622
0.48544234441467293
0.49008773476410855
0.46949513231362244
0.4373762503808856
0.4948909541541684
0.4504680446284357
0.49455216421305115
0.49091828981197977
0.5412039248888164
0.441423467065827
0.5517246938931114
0.5438956610702069
0.5212582691546443
0.5437900951731334
0.560413724881116
0.5486757901500082
0.5295084685323621
0.4396039954332426
0.506942250093741
0.4487681523888418
0.43460989369859504
0.42592484598046504
0.4739720528960809
0.4901883229410011
0.43324661188163205
0.443285095555444
0.4059045372632765
0.4302453772871786
0.4727746990614814
0.5698449538588942
0.4795050303019901
0.4958739784689287
0.47230154263132546
0.45336726062810495
0.4700552705214239
0.4213498083541473
0.398445906081958
0.4792617339827667
0.46395503621072975
0.4632803796036388
0.49892258455598515
0.4766329051153986
0.4516442307354487
0.4329616681420642
0.41235723025152937
0.471676615727259
0.45002958565485246
0.446240310350419
0.44157655532060625
0.5211233684599962
0.470268810939427
0.4920537823890229
0.4960302789948097
0.46222898109827304
0.4520331729941917
0.46137661131185426
0.474290596536723
0.4575389174985604
0.5609169353046165
0.6129068723235727
0.49455686714836283
0.5237163821969362
0.5207632387964934
0.49090091686791476
0.6159181789677489
0.461367894369974
0.5618534547057072
0.5582169385977777
0.452569954131529
0.4400242423187622
0.4403994879053073
0.43077037718779393
0.4319712721440961
0.3935661105546012
0.4770649930796056
0.43707251756870824
0.4785966679818037
0.46735876486845884
0.41200169345835075
0.41476531500380115
0.4384990339220762
0.4190305025885173
0.4487768656715942
0.4738805073844008
0.4595965431179238
0.4530832295020048
0.448909198131241
0.43702626970200087
0.5638202960087954
0.40259725913350236
0.5312799342832596
0.5489510044014588
0.5769365121094657
0.48890606165381423
0.46428661284904005
0.4290444579869061
0.48967852622212965
0.4479290185425193
0.484569316983875
0.44826207366388526
0.4656334507971488
0.43450604431607626
0.4381755238982911
0.44746719871842106
0.508538328159289
0.4853417557920431
0.5793132846860167
0.4490655337845283
0.5013185181316062
0.5914323505291343
0.5262969298863427
0.5125957354118568
0.4996319463407244
0.5003512399660998
0.5354578345894647
0.5936232192670007
0.49775442769058054
0.5262094751565176
0.4666431082345063
0.5562495195312577
0.5338893003644195
0.4377631361969582
0.4814447572081951
0.5961161490942682
0.45099445992595116
0.5932929826460565
0.4811041898101185
0.47290094550000644
0.5252370540836769
0.4581286927402525
0.4745763692113368
0.48240013372952945
0.42645393014524385
0.5594466750450763
0.45179000964046445
0.5542739251955453
0.5198610283420747
0.47776765198789783
0.43965863842344943
0.4760832182896776
0.5155951056298111
0.5186573636791035
0.49061011486912975
0.4718746968796358
0.41803196479690274
0.5309138171886087
0.5987493938787879
0.4642969202169855
0.40175446983047564
0.5745180567261445
0.45244696956405267
0.6003804930851901
0.48773868444066837
0.5193373630868048
0.42902994031343566
0.5685524333142669
0.596102358550059
0.5430639430387921
0.44309442065275273
0.5253557218368529
0.6064009197861511
0.5247294369363897
0.35709002536395174
0.48480133176140183
0.49116603873037484
0.5598175441190479
0.5688355002510384
0.5301832091421277
0.4303979452256873
0.47477583392559247
0.40270327393674626
0.41507252385327764
0.47487557360718413
0.4135039969133477
0.4978238567408288
0.5724046793774374
0.4024931374720226
0.49495714907593363
0.49711327027928376
0.5431103601465637
0.5800570167570327
0.5784164424934257
0.5184757687340346
0.46658706961693525
0.5973977658172777
0.48720735184181674
0.5165004547168044
0.3908657306216093
0.5968136194318797
0.4373915077557046
0.540451221258185
0.5290986094647757
0.5202399650961085
0.5559296801071981
0.45765557164281156
0.4267470423337202
0.48696548481164903
0.46590292829697505
0.448999456981448
0.4031755735800452
0.4155898695473017
0.4929897266105922
0.5467144429411791
0.562937965406259
0.5271202554857728
0.584219550395029
0.536006643607564
0.4226306161064098
0.5010347214656485
0.5232536764632506
0.4817745914316434
0.48903818324531606
0.4150001464638065
0.459052775761774
0.5494743395674718
0.5486301452535658
0.519459256881908
0.5389696364885754
0.5197034962082178
0.49567278245800045
0.4834880543438212
0.6142319104989724
0.4983595213565331
0.5037504819696209
0.4654166638928319
0.3954641120439107
0.4639678776173088
0.5627173771909927
0.578484134412431
0.43870534822189566
0.5448579792032444
0.4564831196026954
0.4447286132593348
0.46597144346832337
0.4706213598751558
0.5389109027410973
0.4757085031600882
0.4473126139902924
0.5901578405233878
0.616574897707939
0.5105585318660701
0.5608899457532642
0.6004831246305188
0.450625930887792
0.41729496843890274
0.4967308149492327
0.5241772762414708
0.5090348011725128
0.4314747546311119
0.5632034868763961
0.5800123936693118
0.481328568997103
0.5183754158629236
0.5738336449854473
0.4271024925491676
0.39416973419548595
0.4142613502342575
0.5146308979276488
0.5074547695027642
0.5555689376370665
0.43486287060596457
0.4179289027007395
0.419077646191834
0.43090158530910533
0.5338079048847632
0.5581058717569398
0.5823417945988875
0.6080187470322711
0.6112648931153271
0.4963484102568866
0.512334437013948
0.468003544836175
0.5156199504456204
0.5584574319361975
0.4293240380859637
0.4380702186100467
0.4911975521435215
0.4133586720462095
0.4025162689067665
0.5575811803769848
0.6201177731123854
0.49586103405331156
0.6000028661703987
0.3896537325629887
0.611639991880098
0.4873524979093819
0.43033848160241334
0.48335503435563243
0.5055321205042483
0.4210588865000328
0.5899404107735897
0.5140614692149719
0.644608124445629
0.6290140758646147
0.5531846616246242
0.3971585841692888
0.5270165455600558
0.411582661892875
0.5163449405381154
0.38256440526707663
0.436034538983382
0.4299235371248163
0.4257045371503744
0.48913732869861226
0.4898179540984231
0.5757053607940731
0.6192085928676777
0.648992312994412
0.6617891446206241
0.6375997714941535
0.6321447216408836
0.5834056941845911
0.6653397660293957
0.7585373668186225
0.46415456123158516
0.5692568664669918
0.5027733711480435
0.5219967666569698
0.4379928518568875
0.5543842163599604
0.4735561846410105
0.4950388136879588
0.5513915982421301
0.5074907485381139
1.0
0.4881325422568314
0.6130505611835051
0.5931262288806599
0.6010778742179846
0.6553885596716083
0.6456620273367707
0.9298280143525787
0.7756882614755998
0.4902013902609233
0.49392024295775105
0.5817909633152837
0.48700755050788735
0.4734207942265999
0.46141870226853854
0.5174410324546854
0.45559343993623835
0.5676610991163062
0.5243115662006239
0.633023875143276
0.5042699464840048
0.4480132320812024
0.49546750376445864
0.879393208103626
0.7551473887705847
0.5091145280615943
0.565367447700551
0.49419603604523177
0.544525572557875
0.43727843952628453
0.45130667436080857
0.5588609846286013
0.47574915772943077
0.514763710695598
0.49438019684661744
0.45179765051707144
0.5244014457263807
0.4852969673672163
0.5612945371816255
0.5195819443352324
0.5813457073620764
0.4486526463337773
0.4486182619860397
0.4855926035967453
0.4497839671315394
0.4411081970581846
0.4936532277383588
0.5579404918029105
0.6056969234365233
0.5551021076422281
0.5057902447633497
0.5323515265588247
0.5259447205804532
0.5810500060689313
0.5282815400952524
0.5177676709526094
0.42197235414511886
0.4530208545533211
0.5519322691613386
0.5596079628313416
0.4925675712116062
0.4199721636642085
0.5155666886115399
0.470460901155251
0.49128324552442715
0.4539252792785555
0.4524576783492824
0.5001854705817421
0.4048141399701909
0.42116072091991985
0.4494613727812337
0.4822343917357943
0.4319059730402139
0.36891631667760766
0.5732981105520644
0.47576513905793716
0.43025611773365824
0.5474906742089095
0.5758904065492646
0.5478265807626196
0.47596726749152846
0.5169678990400007
0.49208594256470495
0.48780978619109616
0.4243616736023199
0.40570822001287826
0.4983056546078201
0.5245722429753839
0.6102523451239035
0.5029608466555755
0.4739339038404419
0.5082721250664043
0.590136538880745
0.5159277848647784
0.5800725899354301
0.5133877598144055
0.6272244608791402
0.6616499720017163
0.4561114299392009
0.5600348719491695
0.5520465921296838
0.5945022624332482
0.5308101629147524
0.5527759962987346
0.5584205861489919
0.5749076106229586
0.5585201948114006
0.5476859837628769
0.5323038010623637
0.556275472304236
0.5558480869862183
0.5721030141915326
0.5551978879166337
0.5422332092731056
0.5363786632644565
0.5594481616741281
0.5763141603521293
0.5644915713917629
0.5675832832689288
0.5507138473329196
0.5416275954288052
0.5551761248599855
0.5854061687552535
0.5788537779419936
0.5569981926768437
0.524052281878698
0.5127220318941742
0.5718856622782109
0.43037587159222945
0.44351772618266594
0.4953277551559709
0.5311847791382794
0.4770455833054307
0.5373957775520022
0.5614650991459785
0.5587609324850267
0.5025868386810433
0.5407501505606277
0.5269689145533416
0.6410120812782951
0.473953920439296
0.4844183958609003
0.434635221390597
0.547381787005136
0.5370596627457596
0.5224098425574037
0.44738585455707613
0.5523461008903724
0.5811375270330114
0.47685648570485684
0.5383154588433933
0.5877130746832908
0.38012811735162
0.6294825019038125
0.5131961336796215
0.43219312691698814
0.4849712513585496
0.4417909457926202
0.5121832458583925
0.5273451052713825
0.4551419343211014
0.5053131218763682
0.4648418706037892
0.4839581854675635
0.45196147846793305
0.3926789011900935
0.48593836179740735
0.4273946824045185
0.5212446719142154
0.43557571307245013
0.46359240003796803
0.5074404722812158
0.5257262497992118
0.4336565270740771
0.4086635136075759
0.5294508365816795
0.432725756569628
0.4605532932993374
0.4431233319575951
0.4900448089000233
0.4236153234117568
0.5193939941131169
0.45779350884161235
0.4693133021111556
0.47960621238634427
0.5641661362064633
0.5746017318502443
0.36847646539166207
0.5035109888888227
0.5188433753259547
0.5130424760118195
0.516032650579146
0.5889520032154986
0.6041984606386985
0.5365215909046017
0.5438838951687284
0.5076754427497369
0.5252887559444672
0.498348453157952
0.5516732666864629
0.5418938403279295
0.5566726147823571
0.5867588137638368
0.5284389724059533
0.5217984829166958
0.5445914445935024
0.5630949266331385
0.5684749801128302
0.47929293542850715
0.5728966330493653
0.510267230486078
0.5535748754406659
0.4467985313914266
0.45913439306621245
0.5029439370579171
0.5391964050057363
0.5186644704497259
0.5239860316624462
0.5255620498457574
0.49958187094121204
0.5467519049368791
0.5220464492962128
0.5128585192536236
0.5441507847531996
0.5812447569677903
0.4462947759731309
0.5886357562392335
0.48765660774181885
0.55368257153522
0.5263298448749656
0.5386548368395631
0.4391804385050231
0.5311199248794033
0.5172162161369083
0.5278019830363719
0.44312888545567225
0.49135316178812233
0.4456138522365468
0.44548622667088617
0.4950138074707349
0.4720187936808525
0.492431538317679
0.4555315669439462
0.4940775626621987
0.48888678864125756
0.39248182885414634
0.4275607998327736
0.4714570892216684
0.4824853593316382
0.528683753943728
0.43890703756502214
0.5014968540046084
0.48145003510745304
0.40487737779258554
0.4728952718876894
0.5004045841557974
0.3973753538153891
0.4558029168482425
0.4719082812968479
0.44705341776342494
0.4763299906042832
0.5046471694395643
0.49294320366752353
0.516885233974432
0.44942846382164164
0.3490733084285617
0.4898702231287819
0.42421672145589095
0.45426418289178994
0.46198526867453565
0.39447469110846967
0.5630026076256857
0.44099906845764364
0.5031737543885842
0.5270906011893233
0.41126497192609235
0.40768035521641044
0.4528409826553079
0.5824629006092682
0.4608819380960889
0.4343338580149418
0.44672938006659163
0.3981231670760109
0.48410661498973434
0.48709792658336676
0.5953739296828073
0.5207314431108517
0.4981458750778278
0.5301880790489544
0.5361348942247373
0.5330220709900314
0.5120547959277968
0.4783143587694225
0.5714342620230782
0.5171591199705595
0.4796514298273608
0.5374784471700742
0.5666194298148023
0.5741696200034851
0.5230145559892141
0.4759130313113103
0.43052849934047144
0.43058131705487845
0.46195730717787276
0.47947152640235013
0.5352226476228988
0.49376331091418796
0.5103872249653368
0.5990674776794279
0.46514010338709566
0.42827689549392267
0.5521087318061759
0.5444304974681721
0.5070326152101694
0.5375786046584216
0.5039708783588323
0.6199248125519029
0.5363078925682725
0.5042568250595275
0.5550325984820929
0.5010042632204598
0.4675111254068967
0.48539699229781735
0.5050153150662311
0.5011126698890297
0.49413772186068855
0.5442904915697858
0.529394736505195
0.47967129029409206
0.5131509474632558
0.45462297588095985
0.5823805564210381
0.47724338529343985
0.5158506264543182
0.46065758085368097
0.49628831810453067
0.487317838488269
0.46904766120707586
0.47333945085919804
0.48036949848860316
0.5398548431501462
0.5623426746468707
0.5587940623504599
0.5075377999640831
0.48709550324126566
0.4886981773841223
0.48257814400988547
0.4667718820022268
0.5587861423095714
0.4511850584964194
0.5071018676976339
0.5238399709414434
0.5103356653319497
0.49461951215605454
0.4448933147148585
0.541286820923012
0.4998917574043808
0.49693046351645703
0.5133863378897315
0.49424781169543364
0.499080988614467
0.45513297514223827
0.4340272071252762
0.47525364774127543
0.5666951599701655
0.39262453984135076
0.44826258673950675
0.46818161982373524
0.5100494181901575
0.6255117458707102
0.45245391612713565
0.45636766519558275
0.5910465795213818
0.4721814229769626
0.48856101953731074
0.590091459707594
0.4646755905275457
0.5242554980413523
0.5117726246170141
0.49373362079569827
0.5699914474820095
0.4369476128858468
0.48380128081866125
0.4583890755689667
0.5634245674127198
0.46656687467138536
0.48632465532747016
0.5243108408838248
0.4721792395604729
0.44435564379875087
0.482576682361963
0.5306110122331306
0.4137143882356473
0.5212870346271904
0.4854493885945205
0.49478795032426315
0.5214212505676497
0.4716624770800737
0.5159700237823212
0.4908627219742225
0.49769134951478294
0.5366458284982741
0.58329330424914
0.591603916102758
0.507927802465676
0.432925641592141
0.466377710912993
0.5381259741806358
0.5803725202415173
0.5856718422711423
0.48427713363906455
0.6635293541919882
0.5367584898497078
0.48146641858721595
0.490087531213915
0.4622547133195256
